100 0.691411
600 0.864264
1100 1.08426
1600 0.945288
2100 0.963037
2600 0.980607
3100 1.03433
3600 1.00111
4100 1.06241
4600 1.00142
5100 1.01509
5600 0.953777
6100 0.987528
6600 0.988665
7100 1.05172
7600 0.945004
8100 0.995504
8600 0.96074
9100 1.00008
9600 0.971396
10100 0.99861
10600 1.02652
11100 1.00831
11600 1.05351
12100 1.01855
12600 1.04535
13100 0.971802
13600 1.00788
14100 1.00831
14600 1.00101
15100 1.01422
15600 1.00554
16100 1.05537
16600 0.993383
17100 1.02448
17600 1.02238
18100 1.01611
18600 0.962306
19100 1.00046
19600 1.01992
20100 0.985089
20600 1.01362
21100 1.00926
21600 1.01791
22100 0.996445
22600 1.02411
23100 1.00943
23600 0.977424
24100 1.00341
24600 0.994957
25100 1.01577
25600 1.00606
26100 0.995393
26600 1.00787
27100 0.993425
27600 1.0105
28100 0.985753
28600 0.972448
29100 0.963461
29600 0.990107
30100 1.00209
30600 1.00774
31100 0.990707
31600 1.0136
32100 0.982999
32600 0.98542
33100 0.994556
33600 1.00934
34100 0.97933
34600 0.982163
35100 1.00314
35600 0.991476
36100 1.00839
36600 1.00713
37100 0.997514
37600 0.987237
38100 0.996966
38600 1.00084
39100 0.988046
39600 1.00656
40100 0.986899
40600 0.999864
41100 0.996321
41600 1.00159
42100 0.99339
42600 1.00121
43100 1.01486
43600 1.00005
44100 1.00302
44600 0.997004
45100 1.00971
45600 0.994661
46100 1.01162
46600 0.984445
47100 0.982435
47600 0.974112
48100 1.01609
48600 0.997638
49100 1.01547
49600 1.01725
50100 1.00175
50600 0.974602
51100 0.988576
51600 1.01903
52100 0.984199
52600 1.00688
53100 1.01026
53600 1.0068
54100 0.987433
54600 1.00388
55100 1.00041
55600 0.997012
56100 1.01909
56600 0.991765
57100 0.99413
57600 0.997354
58100 0.989664
58600 1.02738
59100 1.00655
59600 0.988538
60100 1.00289
60600 0.984918
61100 0.992559
61600 1.00092
62100 1.00149
62600 1.02207
63100 1.00918
63600 1.0041
64100 0.995993
64600 1.00982
65100 1.00512
65600 1.01314
66100 0.991223
66600 0.995071
67100 0.981731
67600 0.997611
68100 1.01364
68600 1.01419
69100 0.996842
69600 1.00943
70100 1.0037
70600 0.999657
71100 0.997368
71600 1.00453
72100 1.01158
72600 1.00652
73100 1.00425
73600 1.00706
74100 1.00388
74600 0.989733
75100 1.00823
75600 0.999276
76100 1.01406
76600 1.00451
77100 1.00506
77600 0.996242
78100 0.990971
78600 0.991814
79100 1.01242
79600 0.993469
80100 0.989425
80600 1.01567
81100 0.999605
81600 0.992526
82100 0.991008
82600 1.02467
83100 0.995723
83600 1.00341
84100 1.00567
84600 1.00872
85100 1.0099
85600 1.00511
86100 0.99847
86600 0.991708
87100 1.00427
87600 1.00515
88100 0.992873
88600 1.00346
89100 0.989005
89600 1.0022
90100 0.985606
90600 1.00621
91100 0.987879
91600 1.01419
92100 1.00493
92600 0.99717
93100 1.00611
93600 1.01662
94100 0.992939
94600 0.976454
95100 1.0054
95600 0.993361
96100 0.992329
96600 0.997571
97100 0.986115
97600 0.992929
98100 0.995181
98600 0.990748
99100 1.00651
99600 0.989912