100 0.979574
600 0.870733
1100 0.920206
1600 0.862229
2100 1.02233
2600 0.982714
3100 0.926909
3600 0.904746
4100 0.927808
4600 0.945857
5100 0.957166
5600 0.940216
6100 0.976898
6600 0.933811
7100 0.947382
7600 0.992463
8100 0.998722
8600 0.934013
9100 0.906914
9600 0.920052
10100 0.932697
10600 0.962632
11100 0.897208
11600 0.973945
12100 1.02275
12600 0.938111
13100 0.954026
13600 0.924953
14100 0.955838
14600 0.951059
15100 0.959572
15600 0.952887
16100 0.942054
16600 0.914663
17100 0.9495
17600 0.941078
18100 0.943043
18600 0.94622
19100 0.960342
19600 0.923349
20100 0.966172
20600 0.952232
21100 0.916513
21600 0.941026
22100 0.944484
22600 0.929729
23100 0.957311
23600 0.954324
24100 0.93046
24600 0.924822
25100 0.953231
25600 0.940353
26100 0.957994
26600 0.94551
27100 0.93168
27600 0.931956
28100 0.941228
28600 0.94989
29100 0.9504
29600 0.938483
30100 0.970896
30600 0.9593
31100 0.957263
31600 0.921192
32100 0.946006
32600 0.937006
33100 0.946774
33600 0.954065
34100 0.949172
34600 0.976035
35100 0.923758
35600 0.929816
36100 0.94362
36600 0.930729
37100 0.939749
37600 0.950699
38100 0.94615
38600 0.902807
39100 0.933644
39600 0.949272
40100 0.932143
40600 0.927097
41100 0.94859
41600 0.945823
42100 0.96445
42600 0.958687
43100 0.953248
43600 0.95355
44100 0.925153
44600 0.944616
45100 0.946451
45600 0.958629
46100 0.939733
46600 0.962057
47100 0.935379
47600 0.942189
48100 0.936637
48600 0.953372
49100 0.950147
49600 0.96575
50100 0.953667
50600 0.934887
51100 0.946027
51600 0.937809
52100 0.93915
52600 0.964055
53100 0.955131
53600 0.955207
54100 0.947284
54600 0.945038
55100 0.966833
55600 0.92437
56100 0.943779
56600 0.937749
57100 0.934684
57600 0.949388
58100 0.95316
58600 0.940012
59100 0.934546
59600 0.946429
60100 0.938827
60600 0.946976
61100 0.933481
61600 0.953203
62100 0.940665
62600 0.942019
63100 0.928603
63600 0.936192
64100 0.936403
64600 0.965295
65100 0.938069
65600 0.932412
66100 0.94833
66600 0.950893
67100 0.946849
67600 0.942019
68100 0.944213
68600 0.953157
69100 0.95134
69600 0.932073
70100 0.96199
70600 0.94084
71100 0.950527
71600 0.951756
72100 0.961799
72600 0.936847
73100 0.932561
73600 0.935875
74100 0.951042
74600 0.944886
75100 0.948704
75600 0.957655
76100 0.94793
76600 0.939611
77100 0.919436
77600 0.944334
78100 0.946755
78600 0.955895
79100 0.939533
79600 0.950552
80100 0.928109
80600 0.937442
81100 0.957229
81600 0.94246
82100 0.937814
82600 0.914052
83100 0.93311
83600 0.936806
84100 0.960161
84600 0.952557
85100 0.943603
85600 0.932083
86100 0.94696
86600 0.961005
87100 0.950614
87600 0.939504
88100 0.957244
88600 0.937469
89100 0.932941
89600 0.952698
90100 0.929653
90600 0.942993
91100 0.945166
91600 0.950968
92100 0.949882
92600 0.939199
93100 0.928193
93600 0.952887
94100 0.926917
94600 0.963179
95100 0.934081
95600 0.941235
96100 0.944238
96600 0.939181
97100 0.949393
97600 0.954065
98100 0.93439
98600 0.938428
99100 0.953133
99600 0.944578